  -9.1854220e-01  -8.5585837e-01   5.3524107e-01   3.6255080e-01  -2.7626774e-01   2.3433423e-01  -3.8268337e+01  -1.4618948e+03   1.0000000e+00   8.7062325e-01
  -9.1854220e-01  -8.5585837e-01   5.3524107e-01   3.6255080e-01  -2.7626774e-01   2.3433423e-01  -3.8268337e+01  -1.4619482e+03   1.0000000e+00             Inf
  -9.1854220e-01  -8.5585837e-01   5.3524107e-01   3.6255080e-01  -2.7626774e-01   2.3433423e-01  -3.8268337e+01  -1.4591725e+03   1.0000000e+00   1.6627322e+00
  -9.1854220e-01  -8.5585837e-01   5.3524107e-01   3.6255080e-01  -2.7626774e-01   2.3433423e-01  -3.8268337e+01  -1.4482401e+03   1.0000000e+00             Inf
  -9.1854220e-01  -8.5585837e-01   5.3524107e-01   3.6255080e-01  -2.7626774e-01   2.3433423e-01  -3.8268337e+01  -1.4481724e+03   2.0000000e+00             Inf
  -9.1854220e-01  -8.5585837e-01   5.3524107e-01   3.6255080e-01  -2.7626774e-01   2.3433423e-01  -3.8268337e+01  -1.4591540e+03   2.0000000e+00   2.0000000e+00
  -9.1854220e-01  -8.5585837e-01   5.3524107e-01   3.6255080e-01  -2.7626774e-01   2.3433423e-01  -3.8268337e+01  -1.4617027e+03   2.0000000e+00             Inf
  -9.1854220e-01  -8.5585837e-01   5.3524107e-01   3.6255080e-01  -2.7626774e-01   2.3433423e-01  -3.8268337e+01  -1.4614853e+03   3.0000000e+00             Inf
  -9.1854220e-01  -8.5585837e-01   5.3524107e-01   3.6255080e-01  -2.7626774e-01   2.3433423e-01  -3.8268337e+01  -1.4588533e+03   3.0000000e+00   2.0000000e+00
  -9.1854220e-01  -8.5585837e-01   5.3524107e-01   3.6255080e-01  -2.7626774e-01   2.3433423e-01  -3.8268337e+01  -1.4477577e+03   3.0000000e+00             Inf
  -9.1854220e-01  -8.5585837e-01   5.3524107e-01   3.6255080e-01  -2.7626774e-01   2.3433423e-01  -3.8268337e+01  -1.4614224e+03   4.0000000e+00             Inf
  -9.1854220e-01  -8.5585837e-01   5.3524107e-01   3.6255080e-01  -2.7626774e-01   2.3433423e-01  -3.8268337e+01  -1.4614163e+03   4.0000000e+00   8.3967397e-01
  -9.1854220e-01  -8.5585837e-01   5.3524107e-01   3.6255080e-01  -2.7626774e-01   2.3433423e-01  -3.8268337e+01  -1.4476263e+03   4.0000000e+00             Inf
  -9.1854220e-01  -8.5585837e-01   5.3524107e-01   3.6255080e-01  -2.7626774e-01   2.3433423e-01  -3.8268337e+01  -1.4581387e+03   4.0000000e+00   1.7995519e+00
  -9.1854220e-01  -8.5585837e-01   5.3524107e-01   3.6255080e-01  -2.7626774e-01   2.3433423e-01  -3.8268337e+01  -1.4476197e+03   5.0000000e+00             Inf
  -9.1854220e-01  -8.5585837e-01   5.3524107e-01   3.6255080e-01  -2.7626774e-01   2.3433423e-01  -3.8268337e+01  -1.4613579e+03   5.0000000e+00             Inf
  -9.1854220e-01  -8.5585837e-01   5.3524107e-01   3.6255080e-01  -2.7626774e-01   2.3433423e-01  -3.8268337e+01  -1.4579846e+03   5.0000000e+00   2.0000000e+00
  -9.1854220e-01  -8.5585837e-01   5.3524107e-01   3.6255080e-01  -2.7626774e-01   2.3433423e-01  -3.8268337e+01  -1.4473357e+03   6.0000000e+00             Inf
  -9.1854220e-01  -8.5585837e-01   5.3524107e-01   3.6255080e-01  -2.7626774e-01   2.3433423e-01  -3.8268337e+01  -1.4609896e+03   6.0000000e+00   8.5059641e-01
  -9.1854220e-01  -8.5585837e-01   5.3524107e-01   3.6255080e-01  -2.7626774e-01   2.3433423e-01  -3.8268337e+01  -1.4578208e+03   6.0000000e+00   1.7779340e+00
  -9.1854220e-01  -8.5585837e-01   5.3524107e-01   3.6255080e-01  -2.7626774e-01   2.3433423e-01  -3.8268337e+01  -1.4612949e+03   6.0000000e+00             Inf
  -9.1854220e-01  -8.5585837e-01   5.3524107e-01   3.6255080e-01  -2.7626774e-01   2.3433423e-01  -3.8268337e+01  -1.4576588e+03   7.0000000e+00   1.7398695e+00
  -9.1854220e-01  -8.5585837e-01   5.3524107e-01   3.6255080e-01  -2.7626774e-01   2.3433423e-01  -3.8268337e+01  -1.4606126e+03   7.0000000e+00   7.2090656e-01
  -9.1854220e-01  -8.5585837e-01   5.3524107e-01   3.6255080e-01  -2.7626774e-01   2.3433423e-01  -3.8268337e+01  -1.4606704e+03   7.0000000e+00   2.6013051e-01
  -9.1854220e-01  -8.5585837e-01   5.3524107e-01   3.6255080e-01  -2.7626774e-01   2.3433423e-01  -3.8268337e+01  -1.4473020e+03   7.0000000e+00             Inf
  -9.1854220e-01  -8.5585837e-01   5.3524107e-01   3.6255080e-01  -2.7626774e-01   2.3433423e-01  -3.8268337e+01  -1.4610249e+03   7.0000000e+00             Inf
  -9.1854220e-01  -8.5585837e-01   5.3524107e-01   3.6255080e-01  -2.7626774e-01   2.3433423e-01  -3.8268337e+01  -1.4471616e+03   8.0000000e+00             Inf
  -9.1854220e-01  -8.5585837e-01   5.3524107e-01   3.6255080e-01  -2.7626774e-01   2.3433423e-01  -3.8268337e+01  -1.4609328e+03   8.0000000e+00             Inf
  -9.1854220e-01  -8.5585837e-01   5.3524107e-01   3.6255080e-01  -2.7626774e-01   2.3433423e-01  -3.8268337e+01  -1.4575616e+03   8.0000000e+00   1.6367351e+00
  -9.1854220e-01  -8.5585837e-01   5.3524107e-01   3.6255080e-01  -2.7626774e-01   2.3433423e-01  -3.8268337e+01  -1.4606076e+03   8.0000000e+00   3.6326494e-01
  -9.1854220e-01  -8.5585837e-01   5.3524107e-01   3.6255080e-01  -2.7626774e-01   2.3433423e-01  -3.8268337e+01  -1.4605242e+03   8.0000000e+00   7.2265505e-01
  -9.1854220e-01  -8.5585837e-01   5.3524107e-01   3.6255080e-01  -2.7626774e-01   2.3433423e-01  -3.8268337e+01  -1.4469618e+03   9.0000000e+00             Inf
  -9.1854220e-01  -8.5585837e-01   5.3524107e-01   3.6255080e-01  -2.7626774e-01   2.3433423e-01  -3.8268337e+01  -1.4564329e+03   9.0000000e+00   1.5444220e+00
  -9.1854220e-01  -8.5585837e-01   5.3524107e-01   3.6255080e-01  -2.7626774e-01   2.3433423e-01  -3.8268337e+01  -1.4608461e+03   9.0000000e+00             Inf
  -9.1854220e-01  -8.5585837e-01   5.3524107e-01   3.6255080e-01  -2.7626774e-01   2.3433423e-01  -3.8268337e+01  -1.4607409e+03   9.0000000e+00   2.0062022e-01
  -9.1854220e-01  -8.5585837e-01   5.3524107e-01   3.6255080e-01  -2.7626774e-01   2.3433423e-01  -3.8268337e+01  -1.4604745e+03   9.0000000e+00   5.8272948e-01
  -9.1854220e-01  -8.5585837e-01   5.3524107e-01   3.6255080e-01  -2.7626774e-01   2.3433423e-01  -3.8268337e+01  -1.4606059e+03   9.0000000e+00   3.0507537e-01
  -9.1854220e-01  -8.5585837e-01   5.3524107e-01   3.6255080e-01  -2.7626774e-01   2.3433423e-01  -3.8268337e+01  -1.4469078e+03   1.0000000e+01             Inf
  -9.1854220e-01  -8.5585837e-01   5.3524107e-01   3.6255080e-01  -2.7626774e-01   2.3433423e-01  -3.8268337e+01  -1.4608367e+03   1.0000000e+01             Inf
  -9.1854220e-01  -8.5585837e-01   5.3524107e-01   3.6255080e-01  -2.7626774e-01   2.3433423e-01  -3.8268337e+01  -1.4605887e+03   1.0000000e+01   4.6152095e-01
  -9.1854220e-01  -8.5585837e-01   5.3524107e-01   3.6255080e-01  -2.7626774e-01   2.3433423e-01  -3.8268337e+01  -1.4603818e+03   1.0000000e+01   7.3195778e-01
  -9.1854220e-01  -8.5585837e-01   5.3524107e-01   3.6255080e-01  -2.7626774e-01   2.3433423e-01  -3.8268337e+01  -1.4563884e+03   1.0000000e+01   1.5384791e+00
  -9.1854220e-01  -8.5585837e-01   5.3524107e-01   3.6255080e-01  -2.7626774e-01   2.3433423e-01  -3.8268337e+01  -1.4561309e+03   1.1000000e+01   1.4476067e+00
  -9.1854220e-01  -8.5585837e-01   5.3524107e-01   3.6255080e-01  -2.7626774e-01   2.3433423e-01  -3.8268337e+01  -1.4605729e+03   1.1000000e+01   5.5239332e-01
  -9.1854220e-01  -8.5585837e-01   5.3524107e-01   3.6255080e-01  -2.7626774e-01   2.3433423e-01  -3.8268337e+01  -1.4603354e+03   1.1000000e+01   4.6136525e-01
  -9.1854220e-01  -8.5585837e-01   5.3524107e-01   3.6255080e-01  -2.7626774e-01   2.3433423e-01  -3.8268337e+01  -1.4468518e+03   1.1000000e+01             Inf
  -9.1854220e-01  -8.5585837e-01   5.3524107e-01   3.6255080e-01  -2.7626774e-01   2.3433423e-01  -3.8268337e+01  -1.4607682e+03   1.1000000e+01             Inf
  -9.1854220e-01  -8.5585837e-01   5.3524107e-01   3.6255080e-01  -2.7626774e-01   2.3433423e-01  -3.8268337e+01  -1.4606917e+03   1.2000000e+01             Inf
  -9.1854220e-01  -8.5585837e-01   5.3524107e-01   3.6255080e-01  -2.7626774e-01   2.3433423e-01  -3.8268337e+01  -1.4552887e+03   1.2000000e+01   1.5409771e+00
  -9.1854220e-01  -8.5585837e-01   5.3524107e-01   3.6255080e-01  -2.7626774e-01   2.3433423e-01  -3.8268337e+01  -1.4602731e+03   1.2000000e+01   8.0148020e-01
  -9.1854220e-01  -8.5585837e-01   5.3524107e-01   3.6255080e-01  -2.7626774e-01   2.3433423e-01  -3.8268337e+01  -1.4604322e+03   1.2000000e+01   2.9873877e-01
  -9.1854220e-01  -8.5585837e-01   5.3524107e-01   3.6255080e-01  -2.7626774e-01   2.3433423e-01  -3.8268337e+01  -1.4604522e+03   1.2000000e+01   3.0459203e-01
  -9.1854220e-01  -8.5585837e-01   5.3524107e-01   3.6255080e-01  -2.7626774e-01   2.3433423e-01  -3.8268337e+01  -1.4468243e+03   1.2000000e+01             Inf
  -9.1854220e-01  -8.5585837e-01   5.3524107e-01   3.6255080e-01  -2.7626774e-01   2.3433423e-01  -3.8268337e+01  -1.4466508e+03   1.3000000e+01             Inf
  -9.1854220e-01  -8.5585837e-01   5.3524107e-01   3.6255080e-01  -2.7626774e-01   2.3433423e-01  -3.8268337e+01  -1.4552674e+03   1.3000000e+01   6.5687317e-01
  -9.1854220e-01  -8.5585837e-01   5.3524107e-01   3.6255080e-01  -2.7626774e-01   2.3433423e-01  -3.8268337e+01  -1.4604440e+03   1.3000000e+01             Inf
  -9.1854220e-01  -8.5585837e-01   5.3524107e-01   3.6255080e-01  -2.7626774e-01   2.3433423e-01  -3.8268337e+01  -1.4551370e+03   1.3000000e+01   1.0511464e+00
  -9.1854220e-01  -8.5585837e-01   5.3524107e-01   3.6255080e-01  -2.7626774e-01   2.3433423e-01  -3.8268337e+01  -1.4602289e+03   1.3000000e+01   6.5884644e-01
  -9.1854220e-01  -8.5585837e-01   5.3524107e-01   3.6255080e-01  -2.7626774e-01   2.3433423e-01  -3.8268337e+01  -1.4603854e+03   1.3000000e+01   4.4431125e-01
  -9.1854220e-01  -8.5585837e-01   5.3524107e-01   3.6255080e-01  -2.7626774e-01   2.3433423e-01  -3.8268337e+01  -1.4466231e+03   1.4000000e+01             Inf
  -9.1854220e-01  -8.5585837e-01   5.3524107e-01   3.6255080e-01  -2.7626774e-01   2.3433423e-01  -3.8268337e+01  -1.4603461e+03   1.4000000e+01   4.4977921e-01
  -9.1854220e-01  -8.5585837e-01   5.3524107e-01   3.6255080e-01  -2.7626774e-01   2.3433423e-01  -3.8268337e+01  -1.4603836e+03   1.4000000e+01             Inf
  -9.1854220e-01  -8.5585837e-01   5.3524107e-01   3.6255080e-01  -2.7626774e-01   2.3433423e-01  -3.8268337e+01  -1.4550468e+03   1.4000000e+01   1.5502208e+00
  -9.1854220e-01  -8.5585837e-01   5.3524107e-01   3.6255080e-01  -2.7626774e-01   2.3433423e-01  -3.8268337e+01  -1.4600943e+03   1.4000000e+01   5.1348178e-01
  -9.1854220e-01  -8.5585837e-01   5.3524107e-01   3.6255080e-01  -2.7626774e-01   2.3433423e-01  -3.8268337e+01  -1.4466153e+03   1.5000000e+01             Inf
  -9.1854220e-01  -8.5585837e-01   5.3524107e-01   3.6255080e-01  -2.7626774e-01   2.3433423e-01  -3.8268337e+01  -1.4603067e+03   1.5000000e+01   2.9073301e-01
  -9.1854220e-01  -8.5585837e-01   5.3524107e-01   3.6255080e-01  -2.7626774e-01   2.3433423e-01  -3.8268337e+01  -1.4548716e+03   1.5000000e+01   1.5489649e+00
  -9.1854220e-01  -8.5585837e-01   5.3524107e-01   3.6255080e-01  -2.7626774e-01   2.3433423e-01  -3.8268337e+01  -1.4603479e+03   1.5000000e+01             Inf
  -9.1854220e-01  -8.5585837e-01   5.3524107e-01   3.6255080e-01  -2.7626774e-01   2.3433423e-01  -3.8268337e+01  -1.4602796e+03   1.5000000e+01   3.0515221e-01
  -9.1854220e-01  -8.5585837e-01   5.3524107e-01   3.6255080e-01  -2.7626774e-01   2.3433423e-01  -3.8268337e+01  -1.4600421e+03   1.5000000e+01   8.2449081e-01
  -9.1854220e-01  -8.5585837e-01   5.3524107e-01   3.6255080e-01  -2.7626774e-01   2.3433423e-01  -3.8268337e+01  -1.4466102e+03   1.6000000e+01             Inf
  -9.1854220e-01  -8.5585837e-01   5.3524107e-01   3.6255080e-01  -2.7626774e-01   2.3433423e-01  -3.8268337e+01  -1.4600067e+03   1.6000000e+01   1.0714986e+00
  -9.1854220e-01  -8.5585837e-01   5.3524107e-01   3.6255080e-01  -2.7626774e-01   2.3433423e-01  -3.8268337e+01  -1.4547940e+03   1.6000000e+01   1.6684223e+00
  -9.1854220e-01  -8.5585837e-01   5.3524107e-01   3.6255080e-01  -2.7626774e-01   2.3433423e-01  -3.8268337e+01  -1.4602653e+03   1.6000000e+01             Inf
  -9.1854220e-01  -8.5585837e-01   5.3524107e-01   3.6255080e-01  -2.7626774e-01   2.3433423e-01  -3.8268337e+01  -1.4466086e+03   1.7000000e+01             Inf
  -9.1854220e-01  -8.5585837e-01   5.3524107e-01   3.6255080e-01  -2.7626774e-01   2.3433423e-01  -3.8268337e+01  -1.4546895e+03   1.7000000e+01   1.7800843e+00
  -9.1854220e-01  -8.5585837e-01   5.3524107e-01   3.6255080e-01  -2.7626774e-01   2.3433423e-01  -3.8268337e+01  -1.4599838e+03   1.7000000e+01   1.0099176e+00
  -9.1854220e-01  -8.5585837e-01   5.3524107e-01   3.6255080e-01  -2.7626774e-01   2.3433423e-01  -3.8268337e+01  -1.4602531e+03   1.7000000e+01             Inf
  -9.1854220e-01  -8.5585837e-01   5.3524107e-01   3.6255080e-01  -2.7626774e-01   2.3433423e-01  -3.8268337e+01  -1.4466028e+03   1.8000000e+01             Inf
  -9.1854220e-01  -8.5585837e-01   5.3524107e-01   3.6255080e-01  -2.7626774e-01   2.3433423e-01  -3.8268337e+01  -1.4544772e+03   1.8000000e+01   1.7804571e+00
  -9.1854220e-01  -8.5585837e-01   5.3524107e-01   3.6255080e-01  -2.7626774e-01   2.3433423e-01  -3.8268337e+01  -1.4599794e+03   1.8000000e+01   1.0249150e+00
  -9.1854220e-01  -8.5585837e-01   5.3524107e-01   3.6255080e-01  -2.7626774e-01   2.3433423e-01  -3.8268337e+01  -1.4602437e+03   1.8000000e+01             Inf
  -9.1854220e-01  -8.5585837e-01   5.3524107e-01   3.6255080e-01  -2.7626774e-01   2.3433423e-01  -3.8268337e+01  -1.4602296e+03   1.9000000e+01             Inf
  -9.1854220e-01  -8.5585837e-01   5.3524107e-01   3.6255080e-01  -2.7626774e-01   2.3433423e-01  -3.8268337e+01  -1.4601188e+03   1.9000000e+01   4.1952380e-01
  -9.1854220e-01  -8.5585837e-01   5.3524107e-01   3.6255080e-01  -2.7626774e-01   2.3433423e-01  -3.8268337e+01  -1.4601398e+03   1.9000000e+01   1.7172152e-01
  -9.1854220e-01  -8.5585837e-01   5.3524107e-01   3.6255080e-01  -2.7626774e-01   2.3433423e-01  -3.8268337e+01  -1.4466026e+03   1.9000000e+01             Inf
  -9.1854220e-01  -8.5585837e-01   5.3524107e-01   3.6255080e-01  -2.7626774e-01   2.3433423e-01  -3.8268337e+01  -1.4544302e+03   1.9000000e+01   1.5524019e+00
  -9.1854220e-01  -8.5585837e-01   5.3524107e-01   3.6255080e-01  -2.7626774e-01   2.3433423e-01  -3.8268337e+01  -1.4599726e+03   1.9000000e+01   9.7032907e-01
  -9.1854220e-01  -8.5585837e-01   5.3524107e-01   3.6255080e-01  -2.7626774e-01   2.3433423e-01  -3.8268337e+01  -1.4601643e+03   2.0000000e+01             Inf
  -9.1854220e-01  -8.5585837e-01   5.3524107e-01   3.6255080e-01  -2.7626774e-01   2.3433423e-01  -3.8268337e+01  -1.4600669e+03   2.0000000e+01   4.4421015e-01
  -9.1854220e-01  -8.5585837e-01   5.3524107e-01   3.6255080e-01  -2.7626774e-01   2.3433423e-01  -3.8268337e+01  -1.4543835e+03   2.0000000e+01   1.5557898e+00
  -9.1854220e-01  -8.5585837e-01   5.3524107e-01   3.6255080e-01  -2.7626774e-01   2.3433423e-01  -3.8268337e+01  -1.4599540e+03   2.0000000e+01   9.9255517e-01
  -9.1854220e-01  -8.5585837e-01   5.3524107e-01   3.6255080e-01  -2.7626774e-01   2.3433423e-01  -3.8268337e+01  -1.4466005e+03   2.0000000e+01             Inf
  -9.1854220e-01  -8.5585837e-01   5.3524107e-01   3.6255080e-01  -2.7626774e-01   2.3433423e-01  -3.8268337e+01  -1.4601480e+03   2.1000000e+01             Inf
  -9.1854220e-01  -8.5585837e-01   5.3524107e-01   3.6255080e-01  -2.7626774e-01   2.3433423e-01  -3.8268337e+01  -1.4541003e+03   2.1000000e+01   7.1829774e-01
  -9.1854220e-01  -8.5585837e-01   5.3524107e-01   3.6255080e-01  -2.7626774e-01   2.3433423e-01  -3.8268337e+01  -1.4599150e+03   2.1000000e+01   8.6639894e-01
  -9.1854220e-01  -8.5585837e-01   5.3524107e-01   3.6255080e-01  -2.7626774e-01   2.3433423e-01  -3.8268337e+01  -1.4600048e+03   2.1000000e+01   4.4591838e-01
  -9.1854220e-01  -8.5585837e-01   5.3524107e-01   3.6255080e-01  -2.7626774e-01   2.3433423e-01  -3.8268337e+01  -1.4465971e+03   2.1000000e+01             Inf
  -9.1854220e-01  -8.5585837e-01   5.3524107e-01   3.6255080e-01  -2.7626774e-01   2.3433423e-01  -3.8268337e+01  -1.4540808e+03   2.1000000e+01   9.8008373e-01
  -9.1854220e-01  -8.5585837e-01   5.3524107e-01   3.6255080e-01  -2.7626774e-01   2.3433423e-01  -3.8268337e+01  -1.4465874e+03   2.2000000e+01             Inf
